5300059
5300727
5300924
5301294
5301614
5302203
5302211
5302625
5302875
5302921
5303161
5303183
5303480
5303714
5304106
5304112
5304787
5306219
5306357
5306553
5306817
5307240
5307325
5307612
5307814
5308210
5308462
5308897
5308902
5309509
5309827
5310399
5310400
5310560
5310829
5311199
5311692
5311729
5312054
5312143
5313407
5313410
5313766
5314225
5314800
5314858
5315017
5315171
5315184
5315192
5315402
5315607
5315722
5315819
5315957
5316537
5316543
5316701
5316876
5317160
5318281
5318466
5318761
5318985
5319749
5320232
5320652
5320881
5321166
5321904
5322294
5322424
5322704
5322843
5322864
5322922
5323297
5323471
5324057
5324218
5324266
5325795
5326411
5326556
5326768
5326866
5326892
5326954
5327177
5327470
5327899
5328077
5329441
5329468
5329477
5329697
5329767
5329817
5330195
5330396
5331856
5332393
5332731
5332747
5333226
5333700
5334073
5334175
5334187
5334243
5334411
5334616
5334730
5335208
5335987
5336820
5337414
5337577
5337624
5337979
5338016
5338218
5338445
5338469
5338702
5339449
5339465
5339498
5339918
5340125
5340463
5340605
5340618
5340640
5340671
5341008
5341243
5341374
5341932
5342504
5342644
5343212
5343294
5343446
5343733
5344275
5344527
5344908
5344995
5345133
5345652
5346056
5346080
5346171
5347006
5347023
5347136
5347145
5347208
5347578
5347919
5347975
5348058
5348280
5348502
5349134
5349325
5349469
5349538
5349606
5349873
5350027
5350285
5350475
5350981
5351021
5351103
5351715
5352042
5352937
5352943
5353193
5353840
5354105
5354255
5354699
5355000
5355228
5355314
5355899
5356405
5356842
5357051
5357079
5357221
5357301
5357463
5357581
5357597
5357708
5357773
5358636
5358674
5358973
5359006
5359094
5359174
5359792
5360029
5360175
5360215
5360633
5360682
5360805
5361476
5361705
5362470
5362611
5362793
5362883
5363057
5363178
5363310
5363458
5363779
5364046
5364108
5364297
5364516
5364725
5364826
5365010
5365540
5365645
5365931
5366261
5366506
5367378
5367554
5367900
5367997
5368035
5368306
5368451
5369176
5369387
5369806
5369967
5370722
5371000
5371130
5371350
5371611
5371738
5371854
5372372
5372679
5372792
5372857
5372952
5373246
5373494
5374583
5374614
5374896
5375167
5375325
5375348
5375847
5376183
5376282
5376352
5377258
5377855
5378014
5378138
5378288
5378591
5378777
5378954
5379042
5379090
5379371
5380293
5380505
5381165
5381340
5381353
5381800
5381858
5381988
5381996
5382641
5383045
5383159
5383433
5383457
5383611
5383667
5383854
5384132
5384417
5384500
5384653
5384894
5384926
5384978
5385008
5385086
5385251
5385300
5385712
5386620
5386849
5386898
5387758
5388561
5389628
5390347
5390520
5391173
5391691
5391889
5392175
5392215
5392616
5392759
5393090
5393717
5393813
5394113
5394602
5394651
5394987
5396458
5397287
5397357
5397553
5398581
5398877
5398990
5399139
5399508
5399607
5399781
5400102
5400275
6024930
